100
2595
0 2 4288
0 4 2230
0 5 422
0 7 3866
0 8 1840
0 9 3437
0 10 2823
0 11 980
0 16 3641
0 17 3971
0 19 750
0 20 4606
0 22 2638
0 23 1507
0 25 2450
0 26 2238
0 27 4038
0 28 2920
0 31 1167
0 32 4391
0 33 4355
0 34 1241
0 38 4063
0 39 3999
0 40 3332
0 41 1255
0 43 283
0 44 4667
0 45 2955
0 46 462
0 47 1023
0 48 4472
0 51 4520
0 52 4239
0 54 2253
0 56 837
0 57 238
0 59 1787
0 62 4166
0 63 910
0 64 4812
0 65 1870
0 66 794
0 67 1362
0 69 2164
0 70 2800
0 71 1155
0 73 687
0 74 3493
0 75 2643
0 76 4673
0 79 549
0 82 2780
0 83 4228
0 84 2302
0 85 3250
0 86 816
0 87 917
0 89 2079
0 90 1631
0 91 4479
0 94 2824
0 95 2095
1 2 621
1 3 2850
1 4 2006
1 8 2403
1 9 4537
1 17 4823
1 18 3102
1 19 3258
1 22 2114
1 23 2039
1 24 766
1 26 1327
1 28 1980
1 31 522
1 35 2474
1 41 2934
1 43 4525
1 45 3141
1 47 2185
1 49 2930
1 51 3677
1 57 2583
1 58 4380
1 60 473
1 66 412
1 69 3320
1 71 1731
1 73 2297
1 77 4814
1 79 4821
1 83 1245
1 90 4648
1 92 2624
2 3 3750
2 4 365
2 5 2689
2 7 1152
2 8 3753
2 9 1367
2 10 2311
2 12 4815
2 13 2398
2 14 3952
2 15 1700
2 16 3888
2 18 3600
2 19 2471
2 20 3356
2 24 248
2 25 2284
2 27 4245
2 28 3580
2 29 2490
2 31 1207
2 35 3848
2 36 1629
2 37 676
2 39 2163
2 40 1053
2 41 4419
2 42 3441
2 43 4290
2 46 1710
2 50 1552
2 52 1171
2 53 4375
2 55 2740
2 56 4532
2 58 181
2 59 4681
2 60 2286
2 62 4377
2 67 882
2 68 2498
2 69 1082
2 70 229
2 71 3107
2 72 285
2 75 3864
2 77 68
2 78 3188
2 79 4089
2 81 1941
2 82 2137
2 84 1346
2 89 4840
2 90 2363
2 92 3694
2 93 2671
2 96 2261
2 97 4142
3 6 1536
3 8 3384
3 9 806
3 10 2486
3 11 1125
3 13 3465
3 15 1641
3 16 2542
3 17 4079
3 19 4845
3 20 2280
3 21 356
3 22 3546
3 25 1397
3 26 3185
3 27 479
3 30 756
3 31 4726
3 33 3586
3 35 1557
3 38 615
3 41 2615
3 46 2931
3 50 1704
3 51 3516
3 53 1903
3 55 3927
3 56 2812
3 57 4231
3 58 2506
3 59 97
3 61 527
3 65 1223
3 68 3237
3 70 1165
3 71 2228
3 72 3197
3 73 715
3 75 1257
3 77 1942
3 78 1100
3 79 3576
3 81 1551
3 82 2657
3 84 3878
3 85 2913
3 86 419
3 87 2632
3 90 1698
3 91 1120
3 93 4938
3 94 4694
3 96 1417
3 97 2254
3 98 4860
4 6 71
4 9 3159
4 11 2785
4 12 3143
4 15 2213
4 16 1385
4 17 1136
4 20 739
4 23 2319
4 24 4218
4 29 286
4 30 192
4 34 2348
4 36 3923
4 37 4625
4 41 3036
4 42 4611
4 43 1809
4 44 4883
4 47 4480
4 50 4889
4 54 3355
4 55 3729
4 56 2676
4 59 308
4 64 4132
4 70 3707
4 72 2521
4 76 395
4 77 3648
4 80 2805
4 87 1914
4 89 725
4 90 239
4 92 408
4 95 2765
4 98 1947
5 9 246
5 12 648
5 15 1904
5 16 372
5 18 2345
5 21 3064
5 31 2806
5 33 4376
5 35 3464
5 36 4099
5 38 199
5 39 4476
5 42 4722
5 44 1506
5 46 565
5 54 1449
5 55 1867
5 61 1372
5 66 2872
5 68 4881
5 69 1275
5 71 2739
5 73 2894
5 79 1651
5 81 3340
5 85 390
5 86 1163
5 88 2160
5 89 3989
5 92 2574
5 93 1660
5 94 4563
5 95 667
5 98 962
6 8 3542
6 9 3190
6 11 548
6 13 4306
6 17 1253
6 18 236
6 22 577
6 23 4035
6 24 332
6 25 4941
6 27 4698
6 29 2112
6 32 3282
6 36 436
6 37 1917
6 39 3155
6 40 3360
6 41 155
6 42 1814
6 44 4826
6 45 3869
6 48 4185
6 49 801
6 53 4253
6 54 3643
6 55 269
6 56 3632
6 57 4494
6 58 708
6 60 405
6 61 4001
6 62 4398
6 63 4588
6 64 4892
6 65 357
6 67 2717
6 68 630
6 69 2368
6 72 1455
6 74 4435
6 76 3925
6 78 4513
6 79 1638
6 80 1086
6 83 668
6 84 3468
6 85 921
6 86 3553
6 89 290
6 90 834
6 91 2700
6 93 364
6 94 607
6 95 3147
6 96 4339
6 97 2509
6 99 968
7 8 75
7 9 2465
7 11 1922
7 12 3293
7 18 2617
7 19 4540
7 22 1782
7 27 3306
7 30 483
7 34 4442
7 37 1546
7 38 3963
7 39 4437
7 41 3218
7 42 3879
7 43 1874
7 45 3110
7 47 4204
7 50 4169
7 51 1603
7 54 3840
7 59 1841
7 60 1077
7 61 2155
7 63 4923
7 64 58
7 66 3722
7 67 4284
7 68 4335
7 69 1796
7 71 1237
7 72 2277
7 78 1742
7 79 3932
7 80 203
7 81 2475
7 82 1777
7 84 2287
7 88 65
7 92 3589
7 95 3043
7 96 2878
7 98 1708
8 9 4771
8 10 4086
8 11 2002
8 12 2691
8 13 1319
8 14 2557
8 15 3695
8 16 4835
8 20 3256
8 21 4924
8 22 714
8 24 3684
8 25 3311
8 27 4064
8 28 2725
8 29 881
8 31 2309
8 32 4657
8 33 3886
8 34 4642
8 35 459
8 40 4310
8 41 3010
8 42 1001
8 43 4695
8 44 4487
8 45 2314
8 47 4617
8 48 2795
8 49 689
8 52 3257
8 53 3987
8 55 2956
8 57 3119
8 58 680
8 59 4838
8 60 810
8 61 601
8 63 305
8 64 3920
8 65 2259
8 67 4882
8 68 1493
8 71 3919
8 72 1869
8 73 3125
8 75 4220
8 80 4872
8 84 3232
8 87 2354
8 88 2763
8 89 1534
8 91 4080
8 92 1981
8 93 3436
8 94 2641
8 95 3521
8 96 1707
8 97 4177
8 98 890
8 99 340
9 12 2305
9 13 1547
9 15 318
9 17 2234
9 18 3267
9 20 4107
9 21 1122
9 23 3234
9 27 1353
9 28 4522
9 29 4403
9 30 1141
9 31 2762
9 32 2683
9 36 3734
9 37 692
9 38 728
9 39 2595
9 42 1228
9 43 3045
9 46 3797
9 48 1923
9 49 424
9 51 2776
9 53 815
9 56 4863
9 57 2088
9 58 397
9 61 247
9 62 2674
9 64 3316
9 65 3322
9 68 626
9 70 2834
9 79 2668
9 80 3131
9 81 2755
9 83 3807
9 86 4112
9 88 2665
9 89 4837
9 91 2105
9 92 875
9 93 425
9 94 1991
9 96 2562
9 98 243
9 99 4904
10 11 3009
10 13 2786
10 14 1097
10 15 1749
10 20 3699
10 21 2841
10 22 1298
10 25 3122
10 30 3202
10 31 4551
10 32 2096
10 33 4130
10 36 3120
10 37 4820
10 40 1273
10 42 3826
10 43 1337
10 45 3711
10 46 1456
10 47 603
10 49 1522
10 50 1315
10 51 12
10 52 655
10 54 3006
10 55 3368
10 56 2421
10 57 3816
10 60 213
10 61 275
10 62 4655
10 65 1401
10 67 3097
10 68 251
10 70 3135
10 72 4959
10 73 3938
10 74 2103
10 76 3965
10 77 3969
10 78 3571
10 79 2566
10 82 3563
10 83 4103
10 84 3176
10 85 832
10 87 3597
10 88 4939
10 91 1784
10 93 3486
10 94 4227
10 96 819
10 97 1444
10 98 3962
10 99 133
11 12 1593
11 14 2078
11 15 3016
11 17 4033
11 19 3906
11 20 550
11 21 1848
11 22 4208
11 24 3377
11 27 4299
11 29 2684
11 32 3261
11 33 4605
11 34 2817
11 36 3014
11 37 662
11 38 3757
11 39 1798
11 41 1965
11 43 1662
11 44 1744
11 45 1902
11 47 4017
11 49 1591
11 51 226
11 52 2747
11 53 1064
11 54 1114
11 55 3132
11 56 2071
11 57 4740
11 59 3813
11 61 1475
11 62 100
11 63 1699
11 65 3664
11 67 240
11 68 254
11 70 4330
11 71 1164
11 72 315
11 74 1894
11 75 782
11 76 3598
11 77 161
11 79 510
11 82 2183
11 84 2867
11 85 3710
11 87 1594
11 88 4027
11 90 989
11 91 4402
11 93 2338
11 94 2949
11 97 4701
11 99 3115
12 13 4456
12 14 3631
12 16 2601
12 17 1692
12 20 644
12 21 2011
12 24 4304
12 25 4475
12 28 34
12 35 3315
12 37 2298
12 43 2344
12 45 1348
12 46 1370
12 48 895
12 50 1187
12 51 2887
12 59 2227
12 60 4249
12 61 1531
12 70 3488
12 72 4742
12 73 2555
12 75 1751
12 77 3829
12 79 2554
12 80 4779
12 84 4005
12 85 2205
12 88 2954
12 90 1265
12 91 3151
12 92 4134
12 94 4888
12 95 4115
12 98 2575
13 20 2877
13 21 2177
13 26 1035
13 27 85
13 30 939
13 31 3588
13 32 4449
13 37 4482
13 40 1318
13 42 3560
13 44 3438
13 45 2935
13 46 3524
13 47 866
13 51 41
13 53 1623
13 55 1801
13 59 3574
13 60 773
13 61 3885
13 62 3059
13 66 4533
13 67 2129
13 69 3458
13 77 3730
13 78 599
13 79 4269
13 80 2360
13 81 429
13 82 2612
13 84 4469
13 85 1126
13 86 108
13 87 3894
13 89 4081
13 91 1432
13 92 2343
13 93 4560
13 95 2225
13 99 4663
14 16 1380
14 17 346
14 19 4802
14 20 3473
14 23 1324
14 24 732
14 25 3167
14 27 2313
14 28 2244
14 34 4464
14 35 4077
14 36 2258
14 38 1407
14 39 3498
14 40 1729
14 43 4123
14 46 2312
14 48 4580
14 49 3450
14 59 125
14 61 4574
14 62 3117
14 64 3880
14 65 3715
14 66 3536
14 69 277
14 70 1844
14 71 2326
14 72 4516
14 73 1893
14 74 4214
14 75 3235
14 79 1147
14 81 4808
14 82 3179
14 83 4459
14 88 3743
14 90 3278
14 92 410
14 93 1058
14 95 3111
14 96 1063
14 97 2741
14 98 2640
14 99 1764
15 19 3922
15 20 3279
15 21 276
15 22 3205
15 23 3446
15 26 2256
15 31 4626
15 33 1435
15 34 4747
15 35 3274
15 37 382
15 38 312
15 39 3203
15 42 2606
15 43 4302
15 44 4834
15 46 839
15 49 915
15 52 1198
15 54 3412
15 58 3482
15 60 4156
15 61 2758
15 64 52
15 66 884
15 67 1831
15 78 76
15 79 1481
15 86 2936
15 87 4057
15 88 2288
15 89 1162
15 90 3328
15 93 4200
16 17 4672
16 18 3545
16 19 2908
16 22 847
16 28 496
16 32 1368
16 33 3028
16 35 2374
16 36 2576
16 45 3455
16 47 129
16 49 929
16 50 2443
16 56 3276
16 57 237
16 59 1975
16 61 1608
16 63 28
16 64 854
16 65 4374
16 66 1428
16 68 1178
16 72 3255
16 73 2351
16 77 2440
16 78 3233
16 83 3336
16 84 4378
16 86 2107
16 89 1220
16 92 2529
16 93 681
16 95 4389
17 19 4851
17 20 4422
17 22 1329
17 24 3350
17 25 4246
17 26 1377
17 27 4900
17 28 3280
17 31 4267
17 32 4226
17 33 359
17 34 3862
17 35 2898
17 37 3163
17 38 4748
17 40 180
17 41 3873
17 42 3701
17 43 2470
17 44 661
17 45 2370
17 46 582
17 47 1007
17 48 3068
17 49 4016
17 57 2279
17 58 4095
17 60 4856
17 61 2008
17 64 3024
17 65 634
17 66 1939
17 68 829
17 69 2928
17 70 4441
17 71 4633
17 76 774
17 77 2721
17 78 1640
17 80 2118
17 81 1770
17 82 3662
17 83 3072
17 85 4751
17 88 2379
17 89 1861
17 90 4003
17 91 1533
17 93 2953
17 94 3760
17 95 1174
17 96 905
17 97 4517
17 98 3049
17 99 3309
18 19 1897
18 20 3941
18 21 4268
18 22 493
18 25 1999
18 26 753
18 28 1158
18 29 4943
18 30 349
18 31 1569
18 33 1050
18 34 4126
18 37 3077
18 40 3248
18 42 1528
18 45 3690
18 47 1215
18 48 2439
18 50 3096
18 51 4059
18 52 4232
18 55 184
18 59 4578
18 62 2036
18 66 2366
18 73 1955
18 75 4133
18 78 2608
18 83 3002
18 86 2138
18 87 4755
18 89 4708
18 91 2106
18 92 3653
18 95 2966
18 99 4933
19 21 3400
19 22 1790
19 23 4644
19 24 3784
19 27 393
19 31 4927
19 32 1644
19 33 1918
19 35 1839
19 45 2098
19 47 107
19 48 2339
19 49 4252
19 52 2772
19 58 3819
19 60 3092
19 61 411
19 63 3061
19 66 586
19 67 3133
19 68 1666
19 70 682
19 74 1499
19 75 4853
19 78 1101
19 86 1993
19 87 2260
19 88 103
19 89 4937
19 90 4144
19 96 4486
19 97 1525
20 23 1532
20 24 4683
20 25 2775
20 26 4727
20 29 437
20 30 4565
20 31 2622
20 32 3681
20 33 3341
20 36 1312
20 38 177
20 39 3901
20 40 2986
20 41 2586
20 42 1581
20 43 4671
20 44 1817
20 46 2422
20 48 811
20 49 3581
20 52 2433
20 55 1427
20 57 1883
20 60 420
20 61 3796
20 64 619
20 65 918
20 66 4687
20 68 3410
20 73 3480
20 75 1759
20 80 1600
20 89 3103
20 91 3100
20 93 608
20 97 4034
20 98 3187
21 22 737
21 24 2361
21 25 4357
21 26 4180
21 28 4489
21 31 4925
21 32 499
21 36 4066
21 38 3487
21 39 4162
21 40 1683
21 43 4084
21 44 2146
21 46 1995
21 47 4511
21 48 3331
21 49 2516
21 50 1573
21 51 2406
21 55 4660
21 57 4023
21 58 2613
21 59 4688
21 61 1990
21 63 1148
21 64 2292
21 68 3196
21 69 1741
21 70 66
21 72 163
21 73 3985
21 75 2614
21 76 4019
21 77 4143
21 79 4338
21 80 4730
21 81 4738
21 84 761
21 87 4647
21 88 3590
21 90 3405
21 91 3496
21 93 1583
21 94 2989
21 95 2410
21 98 1233
21 99 2538
22 23 2965
22 26 633
22 27 1575
22 29 3429
22 31 2797
22 32 2779
22 34 1913
22 36 1415
22 38 1675
22 41 4022
22 42 460
22 43 3323
22 47 1783
22 51 1550
22 52 4754
22 53 1411
22 55 3738
22 62 3551
22 65 484
22 67 1979
22 69 185
22 71 2808
22 72 2696
22 74 1646
22 75 3239
22 78 1262
22 80 455
22 82 1733
22 83 4175
22 87 3371
22 90 2372
22 92 1524
22 93 2502
22 94 624
22 95 3759
22 96 3231
22 97 3071
22 98 2602
22 99 3617
23 24 1261
23 25 2132
23 26 4028
23 27 3489
23 29 3065
23 30 1664
23 31 743
23 34 1553
23 36 392
23 38 796
23 39 4097
23 40 938
23 42 3669
23 43 2581
23 44 2389
23 45 4620
23 46 1030
23 48 2524
23 49 4550
23 50 3182
23 51 775
23 53 3621
23 57 704
23 58 4342
23 60 48
23 61 111
23 63 2900
23 64 1039
23 65 1199
23 66 4256
23 67 2349
23 70 3833
23 72 3420
23 74 4045
23 75 2276
23 76 2642
23 79 3955
23 80 4405
23 81 1745
23 83 690
23 84 807
23 85 3805
23 87 4577
23 89 1010
23 91 4012
23 92 1926
23 93 1933
23 96 321
23 97 2623
23 99 3795
24 29 1078
24 31 230
24 36 1137
24 38 1071
24 41 469
24 42 3652
24 44 649
24 45 2330
24 46 2320
24 48 4096
24 49 926
24 50 2969
24 51 2893
24 52 2124
24 54 888
24 59 780
24 60 1755
24 63 1490
24 66 2879
24 67 3540
24 69 295
24 71 4317
24 73 858
24 74 3310
24 76 3972
24 79 1588
24 82 2564
24 86 3268
24 88 537
24 89 4155
24 91 4958
24 93 2890
24 96 4761
24 97 4316
24 98 1826
24 99 2182
25 28 4350
25 29 4078
25 31 4915
25 32 2143
25 35 3469
25 37 1024
25 38 1789
25 39 1730
25 40 3620
25 41 4260
25 42 971
25 43 3609
25 44 2281
25 47 407
25 50 2704
25 51 2990
25 53 2405
25 54 1832
25 55 2964
25 58 2514
25 59 2065
25 62 3974
25 69 4503
25 73 2350
25 76 4656
25 77 1057
25 78 1811
25 79 4238
25 81 4450
25 82 1688
25 84 494
25 85 1037
25 86 2141
25 88 1218
25 91 2957
25 92 2757
25 93 3066
25 94 3186
25 95 3537
25 97 2727
25 98 799
26 27 2140
26 28 4394
26 30 258
26 31 164
26 33 4697
26 36 134
26 38 2852
26 39 4286
26 40 3876
26 42 4945
26 43 3535
26 44 1563
26 45 2742
26 46 4903
26 47 1561
26 51 3883
26 54 267
26 55 4909
26 57 4298
26 59 2303
26 60 1343
26 62 4936
26 64 1036
26 65 3262
26 67 4955
26 70 533
26 71 4026
26 73 3467
26 75 2652
26 76 2859
26 77 4886
26 78 1824
26 79 189
26 80 421
26 81 2148
26 82 705
26 83 4843
26 84 622
26 85 3443
26 86 1579
26 88 502
26 89 797
26 91 2353
26 93 635
26 94 2209
26 95 3568
26 98 3777
27 28 2400
27 29 1988
27 31 2159
27 36 4956
27 37 478
27 39 2334
27 40 2922
27 41 3494
27 42 1567
27 44 925
27 45 3471
27 48 2819
27 50 2626
27 51 4668
27 53 754
27 60 2417
27 63 2166
27 64 191
27 66 919
27 67 872
27 68 465
27 69 3806
27 70 4433
27 71 2089
27 75 3216
27 77 1855
27 78 1642
27 79 1619
27 81 4462
27 82 850
27 84 4050
27 85 1615
27 87 4737
27 90 3768
27 91 3271
27 94 4452
27 96 823
27 97 2950
27 98 3366
28 29 3762
28 30 825
28 32 1862
28 33 142
28 34 3844
28 35 4839
28 37 3990
28 42 1520
28 43 4957
28 48 1061
28 50 1905
28 51 694
28 54 1584
28 55 3259
28 60 1453
28 61 1067
28 64 1502
28 67 3008
28 68 1226
28 72 4877
28 73 2533
28 74 438
28 75 1865
28 77 3633
28 79 3298
28 80 2794
28 82 1224
28 85 3520
28 86 1004
28 87 4515
28 88 1752
28 94 1254
28 96 1810
28 97 371
28 98 3404
28 99 347
29 31 2390
29 33 3966
29 35 4554
29 37 3824
29 38 2656
29 39 4222
29 40 3337
29 41 3810
29 42 3660
29 43 4581
29 44 1383
29 45 1191
29 50 1110
29 51 1799
29 52 1406
29 55 3798
29 57 1805
29 58 336
29 59 1830
29 60 4367
29 61 3776
29 64 1156
29 66 1977
29 67 1661
29 69 4907
29 71 375
29 72 1179
29 74 4151
29 75 266
29 77 3299
29 78 4508
29 82 966
29 86 2073
29 88 1286
29 89 3859
29 93 3067
29 94 323
29 98 3047
29 99 4777
30 35 282
30 36 3672
30 37 1854
30 41 665
30 42 3554
30 43 1240
30 45 4630
30 46 2698
30 48 1168
30 52 486
30 54 2275
30 55 1936
30 56 643
30 58 4314
30 59 3781
30 60 4801
30 63 2901
30 65 2693
30 68 4498
30 69 4614
30 71 1048
30 72 4053
30 73 1095
30 74 1598
30 78 2659
30 81 3991
30 82 736
30 84 4474
30 86 3078
30 87 922
30 88 3317
30 93 3199
30 95 3417
30 96 2773
31 33 2147
31 35 2735
31 38 2119
31 39 1774
31 41 4015
31 42 855
31 43 1489
31 44 60
31 45 4323
31 46 3011
31 52 2091
31 55 3175
31 57 827
31 61 2428
31 62 3708
31 63 3242
31 64 4867
31 66 856
31 67 2438
31 69 1160
31 75 576
31 76 865
31 81 149
31 82 1827
31 83 772
31 84 934
31 86 1952
31 87 4640
31 91 3698
31 92 4608
31 93 716
31 94 1829
31 96 4113
31 98 1235
31 99 4254
32 35 144
32 40 1496
32 44 1853
32 46 2127
32 47 4438
32 50 2517
32 53 1639
32 55 93
32 57 4281
32 59 1788
32 62 3703
32 63 3769
32 66 1972
32 67 1739
32 69 1117
32 70 503
32 71 3910
32 74 1221
32 76 3347
32 77 3595
32 78 2388
32 79 2530
32 80 2694
32 81 3854
32 82 2004
32 84 1762
32 86 2418
32 87 4187
32 91 135
32 92 208
32 94 1111
32 95 701
32 96 2458
32 99 3012
33 34 2000
33 35 991
33 36 3200
33 38 1188
33 40 173
33 41 1438
33 42 3573
33 44 2556
33 48 2324
33 52 2511
33 56 2150
33 61 3017
33 63 4746
33 64 2102
33 65 1973
33 69 3058
33 70 627
33 71 2672
33 75 2678
33 76 1371
33 77 1663
33 80 4500
33 81 897
33 82 1414
33 83 557
33 85 1140
33 87 1509
33 88 3817
33 91 2424
33 93 4207
33 94 206
33 95 941
33 97 3177
33 99 1313
34 36 4775
34 37 440
34 38 4400
34 40 4359
34 43 56
34 46 1680
34 47 2513
34 48 972
34 49 2662
34 50 1877
34 51 4065
34 52 2903
34 53 4598
34 54 1478
34 55 2289
34 57 414
34 60 150
34 62 1808
34 63 2387
34 65 3763
34 66 4830
34 70 540
34 72 1607
34 75 2837
34 80 946
34 83 4382
34 84 2551
34 85 1989
34 86 1467
34 87 3982
34 89 33
34 90 4548
34 93 977
34 94 4599
34 95 2720
34 96 4635
34 97 1544
34 98 1614
35 37 636
35 39 342
35 43 1964
35 46 2801
35 49 2493
35 51 2896
35 52 1284
35 55 2070
35 56 2383
35 57 4827
35 60 366
35 62 174
35 64 787
35 66 2886
35 68 2478
35 71 2855
35 77 2240
35 79 2135
35 81 4324
35 82 3616
35 84 2399
35 85 509
35 86 3577
35 87 3479
35 91 3369
35 93 1144
35 96 4199
36 38 4309
36 39 1820
36 40 3427
36 41 4865
36 43 2013
36 44 669
36 45 3851
36 46 2531
36 47 3490
36 48 3622
36 49 3370
36 51 2651
36 53 2535
36 55 790
36 57 877
36 58 3124
36 60 2169
36 64 122
36 66 3459
36 68 4399
36 69 500
36 71 1780
36 72 4948
36 73 792
36 74 512
36 75 4429
36 77 2888
36 78 838
36 80 1292
36 81 1679
36 82 1486
36 83 167
36 91 140
36 92 1213
36 94 2853
36 97 2960
37 40 1888
37 41 4628
37 42 2933
37 43 3183
37 44 2810
37 45 253
37 46 4902
37 48 1686
37 49 4510
37 51 2055
37 52 1643
37 55 2018
37 56 616
37 57 2084
37 59 3627
37 60 3044
37 61 3544
37 62 4488
37 63 1978
37 64 95
37 67 894
37 68 3514
37 72 166
37 73 73
37 74 3289
37 75 2802
37 77 81
37 78 1568
37 79 2255
37 82 506
37 83 3619
37 84 1266
37 87 4423
37 89 3302
37 90 4152
37 93 2308
37 94 4297
37 95 4615
38 39 876
38 43 4864
38 44 4192
38 45 3396
38 47 1566
38 48 4521
38 49 2838
38 50 2248
38 51 4344
38 52 45
38 54 4205
38 58 2917
38 61 4514
38 64 521
38 65 2306
38 67 1394
38 69 242
38 70 3457
38 72 4159
38 74 4393
38 77 3152
38 79 778
38 80 2939
38 81 2550
38 82 2537
38 83 1333
38 84 719
38 86 4336
38 88 2658
38 90 3082
38 92 2272
38 97 3379
38 98 578
39 40 4147
39 41 1781
39 43 3206
39 44 1693
39 46 3086
39 47 2552
39 52 2831
39 53 4654
39 56 151
39 57 1344
39 59 4736
39 60 2916
39 63 67
39 66 470
39 67 1289
39 68 535
39 69 4363
39 71 3194
39 72 1103
39 73 1398
39 75 3623
39 78 4409
39 81 758
39 84 3771
39 85 3635
39 87 2184
39 88 1280
39 90 309
39 91 350
39 92 3109
39 96 1277
39 97 4831
39 99 2328
40 41 2677
40 42 3118
40 44 3717
40 45 637
40 46 4215
40 50 145
40 52 4007
40 53 495
40 54 4728
40 55 113
40 56 4618
40 57 686
40 58 2455
40 59 1779
40 60 4184
40 61 4497
40 62 1142
40 64 193
40 65 2005
40 66 450
40 70 4803
40 71 2263
40 73 4818
40 74 3227
40 75 2832
40 78 1800
40 79 3689
40 80 4233
40 84 2290
40 88 2197
40 92 570
40 93 23
40 95 3385
40 98 4451
40 99 262
41 42 3957
41 45 1472
41 46 1621
41 50 1016
41 51 1737
41 52 4929
41 54 4700
41 56 3861
41 59 614
41 64 2778
41 65 1711
41 67 3685
41 68 2822
41 70 343
41 71 3060
41 72 620
41 74 217
41 77 3772
41 80 2401
41 81 476
41 84 3035
41 85 2469
41 86 2262
41 89 2577
41 90 3382
41 92 74
41 93 4832
41 94 4320
41 99 3693
42 44 3381
42 45 4495
42 46 4499
42 47 3912
42 50 2619
42 51 4920
42 52 3604
42 53 697
42 56 2715
42 57 606
42 60 2836
42 63 2315
42 64 3789
42 65 4914
42 68 2905
42 70 1399
42 71 3395
42 72 1046
42 73 2592
42 76 385
42 77 4146
42 78 2971
42 79 3243
42 81 4396
42 82 3529
42 84 3363
42 85 955
42 86 4787
42 88 2496
42 89 580
42 90 358
42 91 3105
42 95 344
43 46 1559
43 47 2664
43 48 1822
43 50 1105
43 52 4928
43 53 4686
43 55 762
43 56 3098
43 57 4810
43 59 2081
43 61 94
43 62 3349
43 63 940
43 65 1672
43 66 4579
43 67 3951
43 68 3565
43 69 4709
43 71 3547
43 74 1571
43 75 3295
43 77 2744
43 78 1477
43 81 4440
43 82 530
43 84 3517
43 86 1440
43 87 2491
43 88 1044
43 89 154
43 90 2304
43 91 3149
43 92 653
43 93 3605
43 96 219
43 98 3164
44 45 610
44 48 2457
44 49 2048
44 51 4145
44 52 1906
44 53 3902
44 55 1098
44 57 3821
44 58 2670
44 59 987
44 60 4279
44 62 439
44 63 4054
44 64 2395
44 65 1670
44 66 2996
44 68 2463
44 69 4559
44 70 1747
44 73 1342
44 74 4876
44 76 3288
44 84 101
44 85 1785
44 88 1612
44 90 1285
44 91 1161
44 93 2729
44 94 544
44 95 1296
44 96 3550
44 97 2988
44 99 1200
45 46 1300
45 47 4401
45 48 3531
45 49 1302
45 50 2222
45 53 3275
45 55 4312
45 56 590
45 57 4604
45 59 4196
45 60 1518
45 61 1386
45 63 4154
45 65 830
45 66 4365
45 67 3967
45 68 3513
45 69 2753
45 71 3916
45 74 1921
45 75 3954
45 77 861
45 82 2536
45 84 3663
45 86 1492
45 87 3508
45 88 441
45 89 2746
45 90 4593
45 91 4596
45 95 1597
46 49 4692
46 57 4181
46 58 127
46 59 2411
46 60 4696
46 61 1930
46 62 916
46 65 2380
46 67 4014
46 69 2803
46 70 3223
46 72 3845
46 75 3129
46 76 1299
46 78 1197
46 79 427
46 80 3439
46 82 3211
46 83 1052
46 85 4954
46 89 3029
46 92 4527
46 97 3495
47 48 793
47 49 3823
47 50 3387
47 51 923
47 58 4691
47 59 507
47 64 671
47 65 967
47 67 2979
47 68 2567
47 69 1758
47 72 2645
47 73 1060
47 81 1287
47 84 3287
47 88 3548
47 90 1360
47 91 2176
47 92 3403
47 95 1722
47 99 4240
48 49 1968
48 50 255
48 52 871
48 54 1219
48 61 3705
48 62 1590
48 63 2532
48 66 731
48 67 2402
48 70 2815
48 71 2116
48 74 3863
48 75 1107
48 82 596
48 83 947
48 84 1461
48 85 31
48 87 59
48 88 2162
48 89 221
48 90 1247
48 93 4011
48 98 4122
49 54 3926
49 55 1135
49 57 1928
49 58 2038
49 60 1225
49 63 2713
49 65 3639
49 66 4568
49 67 4229
49 68 2333
49 70 2460
49 71 4534
49 72 1656
49 74 4090
49 76 1934
49 81 3612
49 82 924
49 89 231
49 90 3510
49 91 2851
49 92 391
49 93 3466
49 98 4182
49 99 4303
50 52 2019
50 53 547
50 56 1274
50 57 2856
50 59 2083
50 60 1966
50 62 1473
50 66 2293
50 67 186
50 69 2381
50 70 2907
50 71 209
50 73 2274
50 74 3169
50 75 3943
50 76 3219
50 78 1129
50 79 2337
50 80 188
50 81 2352
50 82 2480
50 83 4008
50 84 3599
50 85 4176
50 86 4597
50 87 734
50 89 973
50 93 532
50 95 700
50 96 4062
50 99 611
51 55 4715
51 58 2734
51 61 98
51 63 2224
51 70 3651
51 71 2386
51 73 3394
51 74 38
51 76 2999
51 79 348
51 83 4794
51 84 3123
51 91 2904
51 92 2814
51 94 2862
51 95 3959
51 98 4067
51 99 4029
52 54 1954
52 55 4556
52 56 1984
52 58 195
52 60 1352
52 61 1935
52 64 3198
52 65 2726
52 66 485
52 67 3721
52 72 3240
52 73 571
52 75 4370
52 76 1750
52 79 4733
52 81 625
52 82 1726
52 83 2798
52 84 274
52 86 319
52 87 2158
52 88 2826
52 89 4874
52 90 3402
52 92 278
52 95 143
52 96 1500
52 97 1127
52 99 2899
53 55 432
53 56 3739
53 57 4061
53 58 338
53 62 3591
53 67 717
53 68 1969
53 69 2703
53 70 948
53 73 2045
53 76 10
53 77 3416
53 78 4502
53 81 92
53 82 1976
53 83 870
53 85 3555
53 86 3084
53 89 2278
53 95 3601
53 98 54
54 56 4468
54 57 4444
54 60 218
54 63 2247
54 66 51
54 68 3087
54 69 4413
54 72 3090
54 73 954
54 74 1908
54 75 4855
54 80 2066
54 82 623
54 84 2563
54 85 4140
54 86 937
54 87 4717
54 88 1920
54 89 260
54 91 1231
54 93 1589
54 97 2436
55 56 335
55 58 4765
55 59 534
55 60 2485
55 62 2588
55 63 4763
55 64 4477
55 67 386
55 68 467
55 70 3539
55 72 1728
55 77 3408
55 79 3509
55 80 945
55 81 1833
55 83 933
55 85 233
55 87 205
55 90 2453
55 91 2849
55 92 1145
55 93 3470
55 96 4944
55 97 1886
56 57 1748
56 58 2472
56 60 4390
56 61 4662
56 64 3411
56 65 4873
56 67 3830
56 68 4760
56 69 1727
56 70 1949
56 73 707
56 74 3238
56 75 1945
56 78 400
56 79 3709
56 81 3305
56 83 4768
56 87 3166
56 88 3324
56 89 2499
56 90 3313
56 94 4071
56 96 24
56 97 3264
56 98 2359
56 99 497
57 59 4720
57 61 1476
57 62 3735
57 63 3968
57 64 776
57 66 3587
57 68 3983
57 69 4111
57 72 706
57 74 2149
57 80 650
57 81 3391
57 84 1303
57 85 1012
57 88 1495
57 91 4595
57 92 1106
57 93 2049
57 95 84
57 97 474
57 98 3733
57 99 3314
58 60 1189
58 63 4285
58 65 3846
58 66 4530
58 68 3868
58 69 2701
58 71 1065
58 72 994
58 73 2239
58 74 2861
58 76 1816
58 78 2991
58 79 4506
58 81 4652
58 82 1602
58 83 899
58 84 2072
58 86 4690
58 88 658
58 89 1413
58 90 3139
58 91 3870
58 93 885
58 94 4167
58 99 2409
59 60 3935
59 61 2760
59 62 2993
59 63 428
59 64 492
59 67 1081
59 69 1317
59 70 327
59 71 3307
59 73 1470
59 74 3414
59 75 3937
59 76 4870
59 77 4047
59 83 749
59 84 36
59 86 4425
59 87 2730
59 88 1618
59 90 1860
59 91 1238
59 92 2067
59 98 1172
60 61 2818
60 63 1072
60 64 4273
60 66 4137
60 68 72
60 71 4947
60 72 2042
60 73 126
60 75 2733
60 76 4893
60 82 1307
60 84 3146
60 85 3785
60 86 4858
60 87 3950
60 88 684
60 89 696
60 90 4051
60 91 2714
60 95 1948
60 97 1236
60 98 4042
60 99 3949
61 63 3392
61 66 3898
61 69 4136
61 70 600
61 71 3056
61 72 3462
61 73 3900
61 75 4183
61 76 3210
61 77 2232
61 78 4678
61 79 628
61 80 2153
61 81 1011
61 83 3407
61 84 402
61 86 4381
61 89 2217
61 90 4607
61 91 3882
61 94 2997
61 95 3051
61 96 4884
62 64 2515
62 65 3162
62 66 4590
62 67 1283
62 74 3673
62 76 3286
62 80 4797
62 83 234
62 88 3569
62 90 3975
62 91 1765
62 93 3788
62 96 2437
62 98 3492
62 99 3984
63 66 3682
63 71 2546
63 72 3956
63 73 664
63 77 3428
63 78 963
63 79 1249
63 86 1047
63 87 1825
63 89 2047
63 92 988
63 94 4076
63 95 158
63 96 4372
63 97 3134
63 98 1308
64 67 2188
64 68 4300
64 69 1786
64 70 2111
64 73 597
64 74 2941
64 76 1014
64 79 3828
64 80 505
64 81 3561
64 86 1907
64 87 3445
64 88 4203
64 89 3718
64 91 139
64 94 2461
64 95 2844
64 97 1632
64 98 1610
65 66 3500
65 68 3872
65 69 2266
65 75 1258
65 76 986
65 79 2265
65 80 1503
65 81 844
65 84 1149
65 85 2476
65 86 3296
65 87 4307
65 88 4523
65 89 3454
65 90 1678
65 91 204
65 93 1963
65 94 4263
65 95 2285
65 96 2882
65 97 1845
65 98 1271
65 99 2477
66 67 1901
66 70 595
66 72 2501
66 73 4744
66 74 2479
66 76 376
66 83 1084
66 88 2393
66 91 1505
66 94 4639
66 96 3222
66 97 1695
67 68 178
67 69 4570
67 71 2937
67 72 784
67 74 4352
67 75 3136
67 77 1535
67 79 1967
67 81 2467
67 83 2594
67 89 380
67 90 640
67 93 4102
67 94 4234
67 96 2497
67 97 4917
67 98 976
68 70 631
68 74 3046
68 77 2716
68 83 2731
68 87 3594
68 88 4020
68 91 3654
68 92 3758
68 93 2654
68 97 2895
68 98 2180
68 99 3085
69 73 4666
69 74 4783
69 75 3748
69 76 2046
69 77 2291
69 78 4387
69 82 1970
69 85 1089
69 88 3178
69 89 1542
69 91 914
69 92 2329
69 93 1069
69 94 2271
69 95 4235
69 96 3656
69 98 4329
70 73 301
70 74 3144
70 76 2712
70 78 1212
70 87 1032
70 88 417
70 91 2618
70 93 1358
70 94 2804
70 96 4161
70 97 4358
71 72 307
71 76 804
71 78 4277
71 84 3791
71 85 4255
71 86 1657
71 89 18
71 90 3418
71 91 491
71 96 1059
72 73 1929
72 76 4594
72 79 2420
72 80 2582
72 83 1763
72 86 2074
72 87 1998
72 89 2062
72 90 1624
72 91 1596
72 92 2020
72 93 211
72 95 556
72 96 3634
72 98 3249
72 99 2857
73 74 1017
73 76 2813
73 78 4195
73 79 2221
73 83 4139
73 84 4483
73 85 953
73 87 691
73 88 1076
73 91 2597
73 97 4706
73 98 2995
74 75 2631
74 78 3091
74 80 1439
74 82 1190
74 83 1753
74 84 2796
74 87 1900
74 88 3229
74 89 965
74 90 958
74 92 3304
74 95 17
74 99 3697
75 78 1654
75 79 4491
75 82 2492
75 83 4951
75 84 4178
75 85 1746
75 89 1706
75 94 320
75 96 2973
75 97 4170
75 98 1294
75 99 1609
76 77 1838
76 78 3752
76 79 3193
76 81 3170
76 82 448
76 84 1932
76 85 399
76 86 1773
76 88 2686
76 90 604
76 94 4127
76 95 809
76 96 2977
76 97 325
76 98 1359
77 80 1703
77 81 4641
77 82 124
77 83 4036
77 86 3220
77 87 1896
77 88 13
77 89 2192
77 90 3406
77 91 88
77 95 2667
77 96 3367
77 97 2690
77 98 783
77 99 789
78 79 3642
78 80 2172
78 81 1183
78 84 2825
78 85 2876
78 86 4846
78 90 1133
78 91 3228
78 92 4624
78 93 4555
78 97 666
79 82 3330
79 83 4949
79 84 2549
79 88 2919
79 89 1665
79 91 3657
79 98 235
80 81 2507
80 86 3841
80 87 1577
80 88 4141
80 91 1109
80 92 4828
80 94 153
80 96 3928
80 98 271
81 82 720
81 84 1649
81 86 4453
81 88 2391
81 89 1181
81 93 3195
81 94 2984
81 97 2025
81 98 1169
81 99 2198
82 85 1116
82 88 3138
82 89 1118
82 90 2194
82 92 1669
82 93 2416
82 96 4719
82 99 4485
83 84 457
83 85 4223
83 87 2539
83 88 3832
83 89 1396
83 91 3646
83 93 2508
83 96 2774
83 98 3940
83 99 3148
84 87 4211
84 88 3855
84 90 4573
84 91 3263
84 92 1971
84 93 3154
84 99 3532
85 86 4259
85 87 4386
85 90 4619
85 91 4384
85 95 2003
85 96 224
85 98 430
85 99 4634
86 89 4121
86 93 1701
86 94 863
86 95 3667
86 98 3624
87 88 4788
87 90 1527
87 93 2873
87 94 4836
87 96 1868
87 97 1437
87 98 812
88 91 2943
88 92 4420
88 93 2123
88 95 2732
88 96 4636
88 98 1369
89 92 141
89 94 4769
89 95 3217
89 96 2963
89 97 2944
89 98 4031
89 99 433
90 91 1714
90 95 1028
90 96 4519
90 99 2175
91 92 3871
91 93 442
91 96 2331
91 97 14
91 98 3230
92 95 3113
92 97 4916
92 98 1766
93 94 768
93 95 1601
93 96 2666
93 99 4505
94 95 2840
94 97 4553
94 99 435
95 96 1382
95 97 4291
95 98 4780
96 99 3260
97 98 3676
98 99 1321
